20
60
100
140
180
220
260
300
340
380
420
460
500
540
580
620
660
700
740
780
820
860
900
940
980
1020
1060
1100
1140
1180
1220
1260
1300
1340
1380
1420
1460
1500
1540
1580
1620
1660
1700
1740
1780
1820
1860
1900
1940
1980
2020
2060
2100
2140
2180
2220
2260
2300
2340
2380
2420
2460
2500
2540
2580
2620
2660
2700
2740
2780
2820
2860
2900
2940
2980
3020
3060
3100
3140
3180
3220
3260
3300
3340
3380
3420
3460
3500
3540
3580
3620
3660
3700
3740
3780
3820
3860
3900
3940
3980
4020
4060
4100
4140
4180
4220
4260
4300
4340
4380
4420
4460
4500
4540
4580
4620
4660
4700
4740
4780
4820
4860
4900
4940
4980
5020
5060
5100
5140
5180
5220
5260
5300
5340
5380
5420
5460
5500
5540
5580
5620
5660
5700
5740
5780
5820
5860
5900
5940
5980
6020
6060
6100
6140
6180
6220
6260
6300
6340
6380
6420
6460
6500
6540
6580
6620
6660
6700
6740
6780
6820
6860
6900
6940
6980
7020
7060
7100
7140
7180
7220
7260
7300
7340
7380
7420
7460
7500
7540
7580
7620
7660
7700
7740
7780
7820
7860
7900
7940
7980
8020
8060
8100
8140
8180
8220
8260
8300
8340
8380
8420
8460
8500
8540
8580
8620
8660
8700
8740
8780
8820
8860
8900
8940
8980
9020
9060
9100
9140
9180
9220
9260
9300
9340
9380
9420
9460
9500
9540
9580
9620
9660
9700
9740
9780
9820
9860
9900
9940
9980
10020
10060
10100
10140
10180
10220
10260
10300
10340
10380
10420
10460
10500
10540
10580
10620
10660
10700
10740
10780
10820
10860
10900
10940
10980
11020
11060
11100
11140
11180
11220
11260
11300
11340
11380
11420
11460
11500
11540
11580
11620
11660
11700
11740
11780
11820
11860
11900
11940
11980
12020
12060
12100
12140
12180
12220
12260
12300
12340
12380
12420
12460
12500
12540
12580
12620
12660
12700
12740
12780
12820
12860
12900
12940
12980
13020
13060
13100
13140
13180
13220
13260
13300
13340
13380
13420
13460
13500
13540
13580
13620
13660
13700
13740
13780
13820
13860
13900
13940
13980
14020
14060
14100
14140
14180
14220
14260
14300
14340
14380
14420
14460
14500
14540
14580
14620
14660
14700
14740
14780
14820
14860
14900
14940
14980
15020
15060
15100
15140
15180
15220
15260
15300
15340
15380
15420
15460
15500
15540
15580
15620
15660
15700
15740
15780
15820
15860
15900
15940
15980
16020
16060
16100
16140
16180
16220
16260
16300
16340
16380
16420
16460
16500
16540
16580
16620
16660
16700
16740
16780
16820
16860
16900
16940
16980
17020
17060
17100
17140
17180
17220
17260
17300
17340
17380
17420
17460
17500
17540
17580
17620
17660
17700
17740
17780
17820
17860
17900
17940
17980
18020
18060
18100
18140
18180
18220
18260
18300
18340
18380
18420
18460
18500
18540
18580
18620
18660
18700
18740
18780
18820
18860
18900
18940
18980
19020
19060
19100
19140
19180
19220
19260
19300
19340
19380
19420
19460
19500
19540
19580
19620
19660
19700
19740
19780
19820
19860
19900
19940
19980
20020
20060
20100
20140
20180
20220
20260
20300
20340
20380
20420
20460
20500
20540
20580
20620
20660
20700
20740
20780
20820
20860
20900
20940
20980
21020
21060
21100
21140
21180
21220
21260
21300
21340
21380
21420
21460
21500
21540
21580
21620
21660
21700
21740
21780
21820
21860
21900
21940
21980
22020
22060
22100
22140
22180
22220
22260
22300
22340
22380
22420
22460
22500
22540
22580
22620
22660
22700
22740
22780
22820
22860
22900
22940
22980
23020
23060
23100
23140
23180
23220
23260
23300
23340
23380
23420
23460
23500
23540
23580
23620
23660
23700
23740
23780
23820
23860
23900
23940
23980
24020
24060
24100
24140
24180
24220
24260
24300
24340
24380
24420
24460
24500
24540
24580
24620
24660
24700
24740
24780
24820
24860
24900
24940
24980
25020
25060
25100
25140
25180
25220
25260
25300
25340
25380
25420
25460
25500
25540
25580
25620
25660
25700
25740
25780
25820
25860
25900
25940
25980
26020
26060
26100
26140
26180
26220
26260
26300
26340
26380
26420
26460
26500
26540
26580
26620
26660
26700
26740
26780
26820
26860
26900
26940
26980
27020
27060
27100
27140
27180
27220
27260
27300
27340
27380
27420
27460
27500
27540
27580
27620
27660
27700
27740
27780
27820
27860
27900
27940
27980
28020
28060
28100
28140
28180
28220
28260
28300
28340
28380
28420
28460
28500
28540
28580
28620
28660
28700
28740
28780
28820
28860
28900
28940
28980
29020
29060
29100
29140
29180
29220
29260
29300
29340
29380
29420
29460
29500
29540
29580
29620
29660
29700
29740
29780
29820
29860
29900
29940
29980
30020
30060
30100
30140
30180
30220
30260
30300
30340
30380
30420
30460
30500
30540
30580
30620
30660
30700
30740
30780
30820
30860
30900
30940
30980
31020
31060
31100
31140
31180
31220
31260
31300
31340
31380
31420
31460
31500
31540
31580
31620
31660
31700
31740
31780
31820
31860
31900
31940
31980
32020
32060
32100
32140
32180
32220
32260
32300
32340
32380
32420
32460
32500
32540
32580
32620
32660
32700
32740
32780
32820
32860
32900
32940
32980
33020
33060
33100
33140
33180
33220
33260
33300
33340
33380
33420
33460
33500
33540
33580
33620
33660
33700
33740
33780
33820
33860
33900
33940
33980
34020
34060
34100
34140
34180
34220
34260
34300
34340
34380
34420
34460
34500
34540
34580
34620
34660
34700
34740
34780
34820
34860
34900
34940
34980
35020
35060
35100
35140
35180
35220
35260
35300
35340
35380
35420
35460
35500
35540
35580
35620
35660
35700
35740
35780
35820
35860
35900
35940
35980
36020
36060
36100
36140
36180
36220
36260
36300
36340
36380
36420
36460
36500
36540
36580
36620
36660
36700
36740
36780
36820
36860
36900
36940
36980
37020
37060
37100
37140
37180
37220
37260
37300
37340
37380
37420
37460
37500
37540
37580
37620
37660
37700
37740
37780
37820
37860
37900
37940
37980
38020
38060
38100
38140
38180
38220
38260
38300
38340
38380
38420
38460
38500
38540
38580
38620
38660
38700
38740
38780
38820
38860
38900
38940
38980
39020
39060
39100
39140
39180
39220
39260
39300
39340
39380
39420
39460
39500
39540
39580
39620
39660
39700
39740
39780
39820
39860
39900
39940
39980
